precision    recall  f1-score   support

0       0.94      0.91      0.93   2012022
1       0.73      0.75      0.74   2879855
2       0.03      0.00      0.00    136961
3       0.96      0.91      0.94   2994758
4       0.68      0.90      0.77   1083948
5       0.78      0.54      0.63   1322424
6       0.03      0.00      0.00    118279
7       0.05      0.01      0.02    138654
8       0.69      0.70      0.70    463292
9       0.02      0.00      0.00     74214
10       0.01      0.00      0.00     22106
11       0.20      0.51      0.29    444495

accuracy                           0.77  11691008
macro avg       0.43      0.44      0.42  11691008
weighted avg       0.78      0.77      0.76  11691008
